4 2
14 6
21 15
2 7
2 8
10 21
6 16
1 24
17 14
12 15
0 20
24 4
23 2
8 24
16 7
1 19
4 18
17 10
20 19
16 18
7 19
23 1
17 21
20 21
5 5
22 23
20 11
23 18
10 24
7 3
8 18
0 1
18 10
6 23
10 4
19 16
6 20
18 12
6 22
8 8
18 18
12 22
24 14
16 20
5 0
5 12
8 3
0 22
18 21
1 22
6 18
9 14
24 17
1 0
6 15
8 6
8 9
5 21
3 22
18 0
19 19
5 24
13 13
9 24
5 7
9 19
11 10
9 23
18 11
19 4
13 1
3 0
20 13
21 22
21 20
17 23
14 24
5 3
7 1
19 9
4 24
22 22
8 8
4 8
14 16
16 20
10 23
18 21
0 3
17 22
0 13
3 22
3 2
3 9
7 7
6 10
23 2
3 16
13 5
9 20
